puzzle: easy 3
3 0 2 0 4 0 5 0 8
0 0 0 3 0 7 0 0 0
0 6 0 0 0 0 0 4 0
0 9 1 0 0 0 4 5 0
2 3 0 1 0 4 0 8 6
0 4 5 0 0 0 3 1 0
0 2 0 0 0 0 0 6 0
0 0 0 8 0 9 0 0 0
9 0 4 0 6 0 7 0 5

puzzle: medium 3
0 6 0 7 0 3 0 1 0
0 0 0 0 0 0 6 0 0
5 0 0 0 0 8 0 0 3
0 2 1 0 0 0 0 0 4
9 0 3 0 7 0 1 0 8
8 0 0 0 0 0 9 6 0
2 0 0 1 0 0 0 0 9
0 0 6 0 0 0 0 0 0
0 1 0 5 0 4 0 2 0

puzzle: hard 3
6 0 0 0 0 0 0 0 1
0 3 2 0 0 0 7 4 0
0 5 1 0 2 0 3 8 0
0 0 0 4 0 2 0 0 0
0 0 5 0 7 0 6 0 0
0 0 0 8 0 3 0 0 0
0 7 8 0 0 0 9 6 0
0 1 3 0 0 0 5 7 0
9 0 0 0 0 0 0 0 3

puzzle: empty 3
0 0 0 0 0 0 0 0 0
0 0 0 0 0 0 0 0 0
0 0 0 0 0 0 0 0 0
0 0 0 0 0 0 0 0 0
0 0 0 0 0 0 0 0 0
0 0 0 0 0 0 0 0 0
0 0 0 0 0 0 0 0 0
0 0 0 0 0 0 0 0 0
0 0 0 0 0 0 0 0 0

